1.006955550056718884e+00 4.947000000000000000e+03
1.078480431694451624e+00 4.259000000000000000e+03
1.155085784553584238e+00 3.838000000000000000e+03
1.237132478687172688e+00 3.360000000000000000e+03
1.325007017045207514e+00 2.878000000000000000e+03
1.419123356200382435e+00 2.605000000000000000e+03
1.519924856401515756e+00 2.208000000000000000e+03
1.627886370140869232e+00 2.033000000000000000e+03
1.743516479074124437e+00 1.743000000000000000e+03
1.867359889830626285e+00 1.496000000000000000e+03
